01917179425
01918182084
01918182154
01918182173
01918182179
01918182259
01918182309
01918182437
01918182514
01918182531
01918182623
01918182643
01918182731
01918182734
01918182763
01918182769
01918182771
01918182916
01918182935
01918182963
01918182983
01918183091
01918183097
01918183160
01918183173
01918183269
01918183271
01918183280
01918183376
01918183427
01918183470
01918183486
01918183508
01918183513
01918183624
01918183627
01918183642
01918183706
01918183729
01918183740
01918183743
01918183745
01918183771
01918183782
01918183790
01918183792
01918183813
01918183829
01918183873
01918183904
01918183943
01918183987
01918184021
01918184082
01918184176
01918184257
01918184274
01918184306
01918184352
01918184473
01925490222
01937490333
01949490543
01995225144
01929225276
01929225771
01920201108
01920201182
01920201291
01920201324
01920201391
01920201402
01920201443
01920201457
01920201463
01920201512
01920201546
01920201566
01920201576
01920201624
01920201634
01920201645
01920201654
01920201657
01920201730
01920201756
01920201762
01920201778
01920201827
01920201836
01920201891
01920201894
01920201904
01920201905
01920201943
01920201954
01920201982
01920201984
01920202157
01920202384
01920202432
01920202519
01920202541
01920202573
01920202619
01920202675
01920202734
01920202768
01920202776
01920202813
01920202863
01920202875
01920202954
01920202958
01920203177
01920203214
01920203262
01920203294
01920203372
01920203384
01920203397
01920203422
01920203429
01920203479
01920203495
01920203518
01920203573
01920203599
01920203602
01920203665
01920203668
01920203677
01920203725
01920203745
01920203779
01920203796
01920203798
01920203822
01920203836
01920203842
01920203941
01920203952
01920203981
01920203984
01930301076
01930301124
01930301134
01930301138
01930301139
01930301153
01930301195
01930301208
01930301229
01930301249
01930301252
01930301268
01930301289
01930301365
01930301366
01930301392
01930301396
01930301397
01930301409
01930301481
01930301523
01930301539
01930301554
01930301556
01930301562
01930301566
01930301573
01930301577
01930301578
01930301594
01930301610
01930301625
01930301637
01930301642
01930301645
01930301656
01930301665
01930301668
01930301673
01930301683
01930301696
01930301714
01930301724
01930301758
01930301762
01930301776
01930301783
01930301823
01930301844
01930301853
01930301857
01930301867
01930301869
01930301871
01930301874
01930301892
01930301941
01930301958
01930301962
01930301967
01930301973
01930302104
01930302128
01930302149
01930302154
01930302172
01930302216
01930302218
01930302237
01930302251
01930302256
01930302259
01930302292
01930302308
01930302326
01930302335
01930302341
01930302365
01930302445
01930302446
01930302452
01930302464
01930302465
01930302471
01930302477
01930302481
01930302494
01930302507
01930302523
01930302547
01930302549
01930302558
01930302559
01930302582
01930302589
01930302591
01930302601
01930302603
01930302620
01930302631
01930302647
01930302697
01930302715
01930302718
01930302729
01930302741
01930302752
01930302773
01930302775
01930302794
01930302797
01930302801
01930302811
01930302813
01930302822
01930302842
01930302843
01930302854
01930302869
01930302875
01930302883
01930302897
01930302906
01930302908
01930302912
01930302942
01930302950
01930302973
01930302977
01930302979
01930302982
01930302985
01930302988
01930303158
01930303192
01930303217
01930303219
01930303245
01930303248
01930303253
01930303289
01930303347
01930303359
01930303376
01930303427
01930303475
01930303476
01930303482
01930303485
01930303494
01930303495
01930303508
01930303546
01930303551
01930303557
01930303559
01930303567
01930303592
01930303608
01930303648
01930303651
01930303653
01930303661
01930303667
01930303675
01930303685
01930303691
01930303693
01930303695
01930303714
01930303718
01930303722
01930303745
01930303751
01930303754
01930303756
01930303760
01930303768
01930303769
01930303774
01930303778
01930303779
01930303782
01930303796
01930303798
01930303805
01930303809
01930303821
01930303842
01930303857
01930303872
01930303877
01930303885
01930303891
01930303905
01930303908
01930303925
01930303947
01930303953
01930303968
01930303974
01930303978
01930303983
01940401049
01940401067
01940401127
01940401134
01940401136
01940401138
01940401157
01940401165
01940401171
01940401173
01940401196
01940401227
01940401267
01940401268
01940401277
01940401282
01940401287
01940401307
01940401319
01940401366
01940401368
01940401425
01940401434
01940401475
01940401486
01940401507
01940401529
01940401532
01940401587
01940401594
01940401624
01940401625
01940401627
01940401634
01940401682
01940401690
01940401749
01940401794
01940401802
01940401833
01940401836
01940401872
01940401874
01940401901
01940401923
01940401937
01940401951
01940401952
01940401959
01940401966
01940401968
01940401973
01940401982
01940401987
01940402106
01940402107
01940402113
01940402138
01940402139
01940402147
01940402150
01940402173
01940402194
01940402196
01940402241
01940402259
01940402262
01940402265
01940402271
01940402274
01940402279
01940402282
01940402285
01940402296
01940402301
01940402311
01940402314
01940402319
01940402341
01940402358
01940402379
01940402388
01940402390
01940402392
